66,5
66,4
66,3
66,2
66,1
66,0
65,7
65,6
65,5
65,4
65,3
65,2
65,1
65,0
64,4
64,3
64,2
64,1
64,0
63,3
63,2
63,1
63,0
0,496
0,495
62,3
62,2
0,494
62,1
62,0
0,493
0,492
0,491
61,3
61,2
0,490
61,1
61,0
0,489
0,488
0,487
60,3
60,2
0,486
60,1
60,0
0,485
0,484
59,3
59,2
0,483
59,1
59,0
0,482
0,481
58,3
58,2
0,480
58,1
58,0
0,479
0,478
0,477
0,476
0,475
0,474
0,473
0,472
0,471
0,470
0,469
0,468
0,467
0,466
0,465
0,464
0,463
0,462
0,461
0,460
0,459
0,458
0,457
0,456
0,455
0,454
0,453
0,452
0,451
0,450
0,449
0,448
57,5
57,4
57,3
57,2
57,1
57,0
56,5
56,4
56,3
56,2
56,1
56,0
0,447
55,5
55,4
55,3
55,2
55,1
55,0
0,273
0,270
54,5
54,4
54,3
54,2
54,1
54,0
53,3
53,2
53,1
53,0
52,3
52,2
52,1
52,0
51,3
51,2
51,1
51,0
0,446
0,445
50,3
50,2
50,1
50,0
49,3
49,2
49,1
49,0
48,3
48,2
48,1
48,0
47,3
